128

0
0
2.0
-1 -1 -1 -1 -1 -1 -1 -1 -1 -1 -1 -1 
1 121 

1
1
1.0
-1 -1 -1 -1 -1 -1 1 1 1 1 -1 -1 
0 120 

2
0
0.0
-1 -1 -1 -1 -1 1 -1 -1 -1 -1 -1 1 
3 123 

3
1
1.0
-1 -1 -1 -1 -1 1 1 1 1 1 -1 1 
2 122 

4
0
0.0
-1 -1 -1 -1 1 -1 -1 -1 -1 -1 1 -1 
5 125 

5
1
1.0
-1 -1 -1 -1 1 -1 1 1 1 1 1 -1 
4 124 

6
0
2.0
-1 -1 -1 -1 1 1 -1 -1 -1 -1 1 1 
7 127 

7
1
1.0
-1 -1 -1 -1 1 1 1 1 1 1 1 1 
6 126 

8
0
0.0
-1 -1 -1 1 -1 -1 -1 -1 -1 1 -1 -1 
9 113 

9
2
1.0
-1 -1 -1 1 -1 -1 1 1 1 -1 -1 -1 
8 112 

10
0
2.0
-1 -1 -1 1 -1 1 -1 -1 -1 1 -1 1 
11 115 

11
2
1.0
-1 -1 -1 1 -1 1 1 1 1 -1 -1 1 
10 114 

12
0
2.0
-1 -1 -1 1 1 -1 -1 -1 -1 1 1 -1 
13 117 

13
2
1.0
-1 -1 -1 1 1 -1 1 1 1 -1 1 -1 
12 116 

14
0
0.0
-1 -1 -1 1 1 1 -1 -1 -1 1 1 1 
15 119 

15
2
1.0
-1 -1 -1 1 1 1 1 1 1 -1 1 1 
14 118 

16
0
0.0
-1 -1 1 -1 -1 -1 -1 -1 1 -1 -1 -1 
17 105 

17
3
1.0
-1 -1 1 -1 -1 -1 1 1 -1 1 -1 -1 
16 104 

18
0
2.0
-1 -1 1 -1 -1 1 -1 -1 1 -1 -1 1 
19 107 

19
3
1.0
-1 -1 1 -1 -1 1 1 1 -1 1 -1 1 
18 106 

20
0
2.0
-1 -1 1 -1 1 -1 -1 -1 1 -1 1 -1 
21 109 

21
3
1.0
-1 -1 1 -1 1 -1 1 1 -1 1 1 -1 
20 108 

22
0
0.0
-1 -1 1 -1 1 1 -1 -1 1 -1 1 1 
23 111 

23
3
1.0
-1 -1 1 -1 1 1 1 1 -1 1 1 1 
22 110 

24
0
2.0
-1 -1 1 1 -1 -1 -1 -1 1 1 -1 -1 
25 97 

25
4
1.0
-1 -1 1 1 -1 -1 1 1 -1 -1 -1 -1 
24 96 

26
0
0.0
-1 -1 1 1 -1 1 -1 -1 1 1 -1 1 
27 99 

27
4
1.0
-1 -1 1 1 -1 1 1 1 -1 -1 -1 1 
26 98 

28
0
0.0
-1 -1 1 1 1 -1 -1 -1 1 1 1 -1 
29 101 

29
4
1.0
-1 -1 1 1 1 -1 1 1 -1 -1 1 -1 
28 100 

30
0
2.0
-1 -1 1 1 1 1 -1 -1 1 1 1 1 
31 103 

31
4
1.0
-1 -1 1 1 1 1 1 1 -1 -1 1 1 
30 102 

32
0
2.0
-1 1 -1 -1 -1 -1 -1 1 -1 -1 -1 -1 
33 89 

33
5
1.0
-1 1 -1 -1 -1 -1 1 -1 1 1 -1 -1 
32 88 

34
0
0.0
-1 1 -1 -1 -1 1 -1 1 -1 -1 -1 1 
35 91 

35
5
1.0
-1 1 -1 -1 -1 1 1 -1 1 1 -1 1 
34 90 

36
0
0.0
-1 1 -1 -1 1 -1 -1 1 -1 -1 1 -1 
37 93 

37
5
1.0
-1 1 -1 -1 1 -1 1 -1 1 1 1 -1 
36 92 

38
0
2.0
-1 1 -1 -1 1 1 -1 1 -1 -1 1 1 
39 95 

39
5
1.0
-1 1 -1 -1 1 1 1 -1 1 1 1 1 
38 94 

40
0
0.0
-1 1 -1 1 -1 -1 -1 1 -1 1 -1 -1 
41 81 

41
6
1.0
-1 1 -1 1 -1 -1 1 -1 1 -1 -1 -1 
40 80 

42
0
2.0
-1 1 -1 1 -1 1 -1 1 -1 1 -1 1 
43 83 

43
6
1.0
-1 1 -1 1 -1 1 1 -1 1 -1 -1 1 
42 82 

44
0
2.0
-1 1 -1 1 1 -1 -1 1 -1 1 1 -1 
45 85 

45
6
1.0
-1 1 -1 1 1 -1 1 -1 1 -1 1 -1 
44 84 

46
0
0.0
-1 1 -1 1 1 1 -1 1 -1 1 1 1 
47 87 

47
6
1.0
-1 1 -1 1 1 1 1 -1 1 -1 1 1 
46 86 

48
0
0.0
-1 1 1 -1 -1 -1 -1 1 1 -1 -1 -1 
49 73 

49
7
1.0
-1 1 1 -1 -1 -1 1 -1 -1 1 -1 -1 
48 72 

50
0
2.0
-1 1 1 -1 -1 1 -1 1 1 -1 -1 1 
51 75 

51
7
1.0
-1 1 1 -1 -1 1 1 -1 -1 1 -1 1 
50 74 

52
0
2.0
-1 1 1 -1 1 -1 -1 1 1 -1 1 -1 
53 77 

53
7
1.0
-1 1 1 -1 1 -1 1 -1 -1 1 1 -1 
52 76 

54
0
0.0
-1 1 1 -1 1 1 -1 1 1 -1 1 1 
55 79 

55
7
1.0
-1 1 1 -1 1 1 1 -1 -1 1 1 1 
54 78 

56
0
2.0
-1 1 1 1 -1 -1 -1 1 1 1 -1 -1 
57 65 

57
8
1.0
-1 1 1 1 -1 -1 1 -1 -1 -1 -1 -1 
56 64 

58
0
0.0
-1 1 1 1 -1 1 -1 1 1 1 -1 1 
59 67 

59
8
1.0
-1 1 1 1 -1 1 1 -1 -1 -1 -1 1 
58 66 

60
0
0.0
-1 1 1 1 1 -1 -1 1 1 1 1 -1 
61 69 

61
8
1.0
-1 1 1 1 1 -1 1 -1 -1 -1 1 -1 
60 68 

62
0
2.0
-1 1 1 1 1 1 -1 1 1 1 1 1 
63 71 

63
8
1.0
-1 1 1 1 1 1 1 -1 -1 -1 1 1 
62 70 

64
9
1.0
1 -1 -1 -1 -1 -1 -1 1 1 1 -1 -1 
65 57 

65
0
2.0
1 -1 -1 -1 -1 -1 1 -1 -1 -1 -1 -1 
64 56 

66
9
1.0
1 -1 -1 -1 -1 1 -1 1 1 1 -1 1 
67 59 

67
0
0.0
1 -1 -1 -1 -1 1 1 -1 -1 -1 -1 1 
66 58 

68
9
1.0
1 -1 -1 -1 1 -1 -1 1 1 1 1 -1 
69 61 

69
0
0.0
1 -1 -1 -1 1 -1 1 -1 -1 -1 1 -1 
68 60 

70
9
1.0
1 -1 -1 -1 1 1 -1 1 1 1 1 1 
71 63 

71
0
2.0
1 -1 -1 -1 1 1 1 -1 -1 -1 1 1 
70 62 

72
10
1.0
1 -1 -1 1 -1 -1 -1 1 1 -1 -1 -1 
73 49 

73
0
0.0
1 -1 -1 1 -1 -1 1 -1 -1 1 -1 -1 
72 48 

74
10
1.0
1 -1 -1 1 -1 1 -1 1 1 -1 -1 1 
75 51 

75
0
2.0
1 -1 -1 1 -1 1 1 -1 -1 1 -1 1 
74 50 

76
10
1.0
1 -1 -1 1 1 -1 -1 1 1 -1 1 -1 
77 53 

77
0
2.0
1 -1 -1 1 1 -1 1 -1 -1 1 1 -1 
76 52 

78
10
1.0
1 -1 -1 1 1 1 -1 1 1 -1 1 1 
79 55 

79
0
0.0
1 -1 -1 1 1 1 1 -1 -1 1 1 1 
78 54 

80
11
1.0
1 -1 1 -1 -1 -1 -1 1 -1 1 -1 -1 
81 41 

81
0
0.0
1 -1 1 -1 -1 -1 1 -1 1 -1 -1 -1 
80 40 

82
11
1.0
1 -1 1 -1 -1 1 -1 1 -1 1 -1 1 
83 43 

83
0
2.0
1 -1 1 -1 -1 1 1 -1 1 -1 -1 1 
82 42 

84
11
1.0
1 -1 1 -1 1 -1 -1 1 -1 1 1 -1 
85 45 

85
0
2.0
1 -1 1 -1 1 -1 1 -1 1 -1 1 -1 
84 44 

86
11
1.0
1 -1 1 -1 1 1 -1 1 -1 1 1 1 
87 47 

87
0
0.0
1 -1 1 -1 1 1 1 -1 1 -1 1 1 
86 46 

88
12
1.0
1 -1 1 1 -1 -1 -1 1 -1 -1 -1 -1 
89 33 

89
0
2.0
1 -1 1 1 -1 -1 1 -1 1 1 -1 -1 
88 32 

90
12
1.0
1 -1 1 1 -1 1 -1 1 -1 -1 -1 1 
91 35 

91
0
0.0
1 -1 1 1 -1 1 1 -1 1 1 -1 1 
90 34 

92
12
1.0
1 -1 1 1 1 -1 -1 1 -1 -1 1 -1 
93 37 

93
0
0.0
1 -1 1 1 1 -1 1 -1 1 1 1 -1 
92 36 

94
12
1.0
1 -1 1 1 1 1 -1 1 -1 -1 1 1 
95 39 

95
0
2.0
1 -1 1 1 1 1 1 -1 1 1 1 1 
94 38 

96
13
1.0
1 1 -1 -1 -1 -1 -1 -1 1 1 -1 -1 
97 25 

97
0
2.0
1 1 -1 -1 -1 -1 1 1 -1 -1 -1 -1 
96 24 

98
13
1.0
1 1 -1 -1 -1 1 -1 -1 1 1 -1 1 
99 27 

99
0
0.0
1 1 -1 -1 -1 1 1 1 -1 -1 -1 1 
98 26 

100
13
1.0
1 1 -1 -1 1 -1 -1 -1 1 1 1 -1 
101 29 

101
0
0.0
1 1 -1 -1 1 -1 1 1 -1 -1 1 -1 
100 28 

102
13
1.0
1 1 -1 -1 1 1 -1 -1 1 1 1 1 
103 31 

103
0
2.0
1 1 -1 -1 1 1 1 1 -1 -1 1 1 
102 30 

104
14
1.0
1 1 -1 1 -1 -1 -1 -1 1 -1 -1 -1 
105 17 

105
0
0.0
1 1 -1 1 -1 -1 1 1 -1 1 -1 -1 
104 16 

106
14
1.0
1 1 -1 1 -1 1 -1 -1 1 -1 -1 1 
107 19 

107
0
2.0
1 1 -1 1 -1 1 1 1 -1 1 -1 1 
106 18 

108
14
1.0
1 1 -1 1 1 -1 -1 -1 1 -1 1 -1 
109 21 

109
0
2.0
1 1 -1 1 1 -1 1 1 -1 1 1 -1 
108 20 

110
14
1.0
1 1 -1 1 1 1 -1 -1 1 -1 1 1 
111 23 

111
0
0.0
1 1 -1 1 1 1 1 1 -1 1 1 1 
110 22 

112
15
1.0
1 1 1 -1 -1 -1 -1 -1 -1 1 -1 -1 
113 9 

113
0
0.0
1 1 1 -1 -1 -1 1 1 1 -1 -1 -1 
112 8 

114
15
1.0
1 1 1 -1 -1 1 -1 -1 -1 1 -1 1 
115 11 

115
0
2.0
1 1 1 -1 -1 1 1 1 1 -1 -1 1 
114 10 

116
15
1.0
1 1 1 -1 1 -1 -1 -1 -1 1 1 -1 
117 13 

117
0
2.0
1 1 1 -1 1 -1 1 1 1 -1 1 -1 
116 12 

118
15
1.0
1 1 1 -1 1 1 -1 -1 -1 1 1 1 
119 15 

119
0
0.0
1 1 1 -1 1 1 1 1 1 -1 1 1 
118 14 

120
16
1.0
1 1 1 1 -1 -1 -1 -1 -1 -1 -1 -1 
121 1 

121
0
2.0
1 1 1 1 -1 -1 1 1 1 1 -1 -1 
120 0 

122
16
1.0
1 1 1 1 -1 1 -1 -1 -1 -1 -1 1 
123 3 

123
0
0.0
1 1 1 1 -1 1 1 1 1 1 -1 1 
122 2 

124
16
1.0
1 1 1 1 1 -1 -1 -1 -1 -1 1 -1 
125 5 

125
0
0.0
1 1 1 1 1 -1 1 1 1 1 1 -1 
124 4 

126
16
1.0
1 1 1 1 1 1 -1 -1 -1 -1 1 1 
127 7 

127
0
2.0
1 1 1 1 1 1 1 1 1 1 1 1 
126 6 

